5002
21063
4661
44245
35895
65735
61852
60808
65492
37389
40328
91476
17254
65770
64745
5592
74285
17254
76275
5591
42129
17268
64708
56377
12310
76586
4661
16803
61533
67401
75991
63431
35679
45365
12080
11816
12231
60048
43606
5598
51279
13631
70900
85686
10600
0
76586
46382
33044
21127
38120
56377
82124
86528
65463
76501
62564
60059
12117
12231
31835
45283
32027
46621
10600
29234
65907
58215
4661
5598
63051
45283
11546
42552
21066
62548
73189
61847
4661
91399
66626
72190
7104
5001
10849
35814
64744
25165
35594
